50563
47499
26072
40901
2208
30274
64002
22905
62318
31477
12884
2297
9959
57542
20850
56382
12091
58822
3651
36503
21924
51246
35320
36388
14037
51980
12783
38739
4289
52892
32147
22141
56410
45908
64159
59190
35821
1574
24126
47210
47682
55995
51062
21076
55900
58763
10654
14809
33209
51270
3085
6758
49050
34548
47574
1526
63782
30722
24677
59624
25844
60726
59810
55019
50707
52104
64746
3548
18532
19582
7459
3335
35583
63725
24721
59738
47885
23404
33805
48066
46784
64579
54896
11396
11948
33268
38170
24361
41089
42013
12091
60559
25228
21401
38385
57002
12429
44493
19082
22767
14817
8903
32232
31825
25436
35407
64227
17378
42658
41849
9547
20960
27050
53518
26327
37599
40245
33627
32274
1891
1416
6643
18626
6824
30353
38419
34357
33057
2465
62587
21990
24833
32680
46209
48896
23824
36147
62905
42244
15446
46650
46580
14355
14883
31853
25474
9124
20417
56421
64189
43009
60964
43577
55083
2221
61513
7565
55212
40874
239
28062
20109
47615
5702
30841
53823
41156
65075
8761
34377
51765
39992
959
1435
49977
28962
39057
9335
35514
12949
60117
14511
41027
42919
41008
12074
11738
7746
45923
9714
28024
44302
23234
34451
39804
3537
62382
13751
36128
17976
62650
40603
60069
4006
9285
29698
23701
7106
46378
32818
59655
63911
40999
56145
46204
43202
5080
11978
14623
24860
14379
9678
25120
63221
43447
60071
22195
38871
63318
14041
56379
43910
23891
27891
16576
470
55134
55006
39150
27092
8661
9946
40718
31976
11675
60389
46529
7113
64685
49418
63758
33309
35340
37208
5609
16824
51978
38232
64183
7925
39754
29151
46625
1495
28074
41076
54132
58012
27516
36444
47328
29114
38572
30183
29296
25005
62379
11617
39103
52848
29294
5309
49862
328
37910
1702
578
59950
51620
6050
4444
20588
31052
56924
4460
47251
2091
40786
30080
21741
22339
44143
4812
34053
51528
33429
27769
55159
11431
7164
29417
47279
10081
49985
55222
59490
61978
42909
14900
2063
4681
992
13382
36199
12831
55123
20208
46647
23742
48640
12728
50783
34792
11559
47549
32286
1717
17753
50597
56748
60492
7623
21664
40095
34690
14383
30828
18163
35207
2761
40903
26648
32780
55738
61166
9532
34720
37958
62054
56501
19077
63336
42070
61353
58506
49148
57682
34528
21100
26188
24112
37472
62557
25657
32859
16227
64709
55820
9310
55110
38721
64808
5744
16173
11725
54042
28082
55469
35810
37702
63505
10965
9876
42520
49471
48684
34443
41511
32430
55358
35410
10916
17308
2582
56899
65221
32470
47874
55374
29691
34483
19563
45695
38144
12917
5754
36017
4637
31195
9773
25926
29707
18286
20121
26540
48757
34638
9835
9962
2544
42585
62183
4013
804
49978
12415
6561
40554
36921
26960
24744
24690
36877
51518
17569
5552
58717
28822
16288
45063
17064
57117
10137
50177
49881
3230
46835
2544
8350
24471
16544
41730
10033
53476
29985
15243
35257
12864
16367
35398
64064
59341
34051
62694
15700
99
62987
9347
42841
42918
15287
11569
29527
34324
16935
15195
29754
126
58800
58163
61399
2057
26612
39867
57939
36922
45479
19209
20395
61358
15640
17702
45929
46213
46443
44678
35712
32074
36864
52862
40362
33914
44491
49662
5682
63003
732
60198
22192
13874
18437
62296
2674
45769
22235
50047
24578
5777
22666
17840
37649
63641
52494
25626
60187
58359
24582
40931
6241
38451
54142
57144
15888
3767
9436
4300
50324
54004
44634
56412
15670
7286
62630
28697
40970
24079
11855
14858
8593
11729
22113
61160
56805
37125
52840
5641
61140
28658
37704
40873
61547
34606
50450
2217
61231
5618
33171
47336
41976
16985
44308
40945
22099
20518
27032
23296
52895
21188
27818
12227
12371
39365
45830
60638
6566
16114
59901
56382
60492
40827
17715
47183
2431
13853
60855
23545
9725
62421
10940
19068
45058
28222
19817
20460
52415
49318
5608
16795
25575
60674
6398
14092
27006
42686
55442
40183
28637
24859
3962
62461
4263
1962
49036
22728
60088
8118
4271
37721
32813
1857
1723
7044
53637
20501
39611
33140
1297
44350
18531
65199
2961
52636
41843
42645
1815
45366
57175
2371
14252
20153
18175
61716
33945
42387
45337
50741
304
60805
54876
44238
23444
26735
47631
32192
17042
17680
51598
42978
63590
64386
853
64615
27284
62618
64157
36015
58846
9839
24282
32493
28757
32836
22454
2414
50578
37153
25561
20122
8652
13553
60443
22023
27285
22036
43716
54692
49023
60256
47261
26841
11276
26289
13630
30603
42872
17599
21975
45979
2104
32280
17359
17839
18628
16696
50035
37286
56298
51453
38974
48268
47111
57144
6430
43311
50575
56192
18670
4685
1267
51321
1782
24911
50735
2069
54930
17323
57247
61448
13471
14049
54804
44267
11020
63556
13341
27348
38727
10902
60936
38766
34152
35813
8638
47735
51269
47805
63809
12227
7209
1648
6894
14421
16150
56229
16251
47209
27754
36951
2448
19760
4846
10652
39388
36950
49548
64985
2879
42971
37151
8169
45196
4155
32349
24438
47092
45993
34551
30790
37431
19918
5643
8781
60629
9652
38654
63160
12753
51768
28745
12110
50238
38450
21139
52690
47707
54036
43363
42110
47958
49499
6745
30642
13182
10123
48197
14266
1186
14759
63745
22610
42292
17809
43429
3746
44665
2911
50516
48626
50151
40258
7371
56240
37720
4040
55692
56512
12711
51926
25530
23707
350
29801
38756
13048
35952
57805
52645
60036
42363
18735
49513
23339
54429
50726
10232
43165
36389
48746
27509
45662
12792
35545
8041
563
2190
6642
58721
24624
49419
52964
49098
38239
45745
20713
35927
16204
56751
7315
10900
23478
23486
41443
57423
56496
21217
24810
57712
57035
13221
33143
38037
17590
62315
43850
44843
35410
23002
43382
37756
40140
25077
34747
20178
47667
4752
8522
5770
39255
14952
28793
28155
63216
51448
42059
1473
46888
25057
1443
35938
61198
35921
57589
51673
49272
64896
62519
34919
8317
58577
43613
40583
36204
29656
47027
23832
53551
46253
23372
15153
8306
59351
44036
46028
59971
22739
22742
22937
14097
53090
14243
28800
34189
25623
55397
15211
10234
41720
12289
19833
33106
7908
52095
53443
28522
10014
64671
61403
14981
27828
6594
35575
39730
31595
26502
39995
41443
55261
8160
14420
24566
61036
31721
55126
15526
19334
49307
32412
33144
37053
20003
